208615
224693
146247
224252
216008
224664
224045
179789
223668
224934
224938
224871
223815
224436
121230
224029
224240
225087
224423
224098
224102
223976
116333
224707
223598
169883
224342
224336
212135
144621
195358
139926
223826
200010
141712
223885
173799
118139
224036
205349
223932
202150
143049
93712
130592
224255
224002
131541
204417
223921
190875
130073
223953
224403
224350
128258
186581
224020
224878
198655
224536
205918
224502
224286
223701
164478
224082
224644
224092
171437
223436
125090
223735
223677
224508
223355
224565
223708
134344
153076
163608
114897
156788
223717
114135
224141
224422
69106
224415
224152
224257
211415
224497
223543
224434
223647
224177
224019
224615
162193
224852
224668
223818
224404
197047
120106
177772
223559
223684
184128
224445
194253
223918
224344
224289
223669
224014
224191
153751
224402
224288
195330
71132
140448
69239
187991
152295
220204
224136
116410
224288
224025
224366
167508
224692
223130
214964
224576
223960
224183
223802
224039
224053
224404
86538
141385
123702
224621
130066
167676
119028
223569
224399
102377
139057
224374
193486
199588
224055
159529
224661
133279
224578
223855
134410
114497
224537
224202
171644
224371
168905
223984
225160
223593
224801
224441
223935
162521
224569
223988
224489
224435
197178
224046
174524
224650
224130
218548
198822
195246
224205
223632
131510
224117
224016
212194
224040
224474
223670
224457
221629
160737
222572
224058
211965
193759
224299
223885
224038
205995
224030
224743
224174
224233
224368
179139
224265
224188
225349
154801
223471
93396
224659
112902
223885
164773
224244
181360
195848
157396
181759
224331
160969
224304
223996
91553
224353
223906
224572
224530
142800
224155
154051
224567
224313
222660
163494
224198
165983
224184
188806
224477
223613
149693
223697
224298
224486
142212
224358
225003
150833
224584
224316
101084
183137
222627
132291
224348
224630
224314
163505
223808
223691
199822
161072
209831
223860
140821
224956
223970
192594
223981
223908
223956
129181
176045
164670
223961
161181
224606
131132
223889
224337
224115
223874
224411
175882
114906
224384
203016
223541
164325
224377
224555
224311
223547
224372
224435
223344
224043
223958
223956
186041
223341
223699
223419
76527
178796
198992
223994
224687
224267
224630
224266
224060
207768
223553
224250
179698
224218
148404
224042
223542
223920
224365
224354
129932
224270
224872
224380
223646
224541
224401
204844
224003
223790
131740
224430
224470
198648
225182
223513
224158
223456
118861
179696
224260
224398
223549
223661
224295
178494
223762
195089
224582
223584
190366
95328
224287
203578
190894
223986
224053
224418
177189
152803
160953
224555
192893
224928
126877
223378
224053
204594
160069
145710
224829
153234
134912
190619
131240
224725
224308
224639
224849
224259
195070
224348
224512
182548
224564
130559
171932
224044
208493
192183
224217
224685
128459
225178
84719
80828
223769
224221
216238
224474
167394
141632
223428
224944
224674
174519
224913
224000
224060
223663
224257
140517
224076
218307
223948
224201
180412
224123
223949
112231
224208
144378
147429
130859
206113
174919
223845
224240
224325
192776
175350
159270
223927
224671
73317
162160
223569
223822
174162
214036
224075
131648
132942
224754
224522
208085
194083
219941
162987
146450
224454
224745
224225
225039
224151
224296
224138
224650
128638
150222
224378
224061
180966
223879
224193
224676
223582
224027
224222
224586
149432
224062
224586
224876
224407
206857
224214
224152
121390
224137
188825
224295
90350
87547
224084
224368
171384
197991
133289
175070
142170
223361
223794
68338
223894
225201
224479
223963
223661
224349
181489
223465
223401
223670
224311
224001
223331
113952
210954
223960
211927
76689
121660
225447
223768
114264
216655
172009
147640
224190
223815
224232
224286
224374
224406
134416
224231
224585
181890
223893
137953
224202
224610
225374
168154
176900
224094
224590
133492
224186
170010
220943
224623
224859
224683
167375
147097
224105
224269
223566
125262
174061
224573
224792
223588
165899
176864
224399
225043
170666
220557
179260
207151
160625
184521
224455
151320
192683
224208
223239
126376
223912
221962
223590
173526
224360
129760
223893
223504
224909
143472
224405
224390
224832
162400
224497
224085
204295
121554
219928
224269
210557
224304
223740
208255
223655
224378
224062
224026
224394
224190
223647
146889
223925
202199
224302
224106
224543
224438
224254
223858
225128
224310
223970
204749
224772
223602
154504
113308
224433
224216
224908
224600
210510
142638
135038
143461
224304
224121
178627
224284
224103
224132
174335
223927
223969
169293
224736
221578
224351
224053
224273
224760
224858
224374
224263
224166
123139
224215
223808
223694
224250
224416
160916
224090
224625
121015
224641
223832
224365
223760
224475
223139
224244
224586
175908
207782
112771
224060
187760
90144
165651
223952
126157
224061
225129
132380
224671
164661
224027
224573
174471
224321
151158
224093
134197
224335
224838
224770
223255
223952
138564
121290
223508
166941
144195
224935
224350
223941
224114
224303
113329
225130
224468
137155
144085
224812
224580
223944
224518
217583
224322
224170
224397
225183
124943
223879
223142
193427
224385
184528
224338
224421
97340
224637
224235
139115
225150
223981
224188
224367
223750
176923
224018
224844
224210
223946
224526
223511
175457
152371
224560
224340
224009
223771
224322
224235
180208
154108
223916
163082
224713
223463
146575
224558
223885
224147
215024
223895
199170
205733
224470
224753
224158
192190
224068
223621
224156
225451
225034
118506
186011
224442
148477
223603
224451
224518
182453
156994
224144
224883
224983
224333
224239
224173
224500
205570
224340
224147
222485
104137
223856
136198
172100
216662
197676
224118
127058
224274
223953
224267
223634
223796
211717
224730
224226
224545
207616
223813
223657
224394
224078
225037
123615
224274
224607
217962
224080
132047
197080
223611
224203
225105
199142
178279
223906
223510
224219
224335
223964
224017
224823
223682
225083
133312
224918
129359
140840
144182
190363
224561
223954
224199
112813
185227
223913
223250
224074
223678
218236
116127
175001
122095
224082
165692
193388
224024
122875
225048
115579
224944
201641
223388
224327
70814
157551
224679
223404
224395
196432
223760
206518
223697
224736
224426
224328
223510
224251
224296
224338
224308
224233
197619
224023
223906
225200
153213
224059
223755
224540
225213
211609
187657
224508
194338
224014
224303
224124
223962
144393
142824
180296
223682
223826
224282
224409
224212
224488
224580
224286
224184
225180
222084
224989
156622
223656
156922
172454
223881
223736
224653
225046
224446
224116
224306
224361
223552
223463
224719
223995
224447
224796
224280
224255
224194
188765
223851
224154
117014
163346
224713
224127
224308
173426
191630
225040
224563
145650
190585
223585
224027
223674
223850
222253
223727
224564
199116
224080
225091
224518
224940
126826
73039
225436
224702
224817
223847
223792
223800
224415
189912
178662
135648
225156
128971
147877
224209
223484
223967
224556
224842
129592
224652
224496
[client log:] end time = 7.63162 s
