49603
49710
26556
49976
49293
49597
49468
49603
49896
49748
49357
49718
49521
49443
44597
49808
49864
33245
49672
49760
49177
49732
49814
49908
49360
49361
49273
39979
33624
49632
49915
49834
44911
49287
49187
49748
49847
49494
49477
49728
49853
50035
49466
43809
50123
49524
36706
49691
49543
49876
49632
49437
49730
49638
49768
49697
49820
50222
49398
27103
49704
49460
40284
49837
25337
25702
49154
49631
49203
49717
31149
49642
45364
49540
50130
49378
49744
49911
49820
50143
49829
49402
49620
49837
49684
49299
36863
28064
50044
49163
49708
49935
49558
50134
49904
49615
49772
49626
49837
49564
49573
49739
49881
49720
49719
43711
49483
49584
42802
35475
49792
49487
49932
49919
49653
49723
49652
49307
49719
49821
49659
50088
49904
49548
49859
41340
49920
49703
49373
49582
49807
49962
49624
49835
30087
49919
49608
47802
49500
49551
50104
29614
31667
36103
49651
49748
32414
50120
49484
35274
49648
49709
49972
49646
49756
49662
49925
49684
45610
49460
49300
49594
49930
49771
44112
39737
49441
49753
49534
50161
49801
49759
28878
49868
49355
49586
49770
49592
49473
49830
49583
49507
49383
49108
40162
48161
49656
49558
49468
49661
28701
49858
49626
49712
33529
49855
50120
49453
38579
28211
49443
49786
49717
49510
49695
49531
49654
49500
49709
49759
49801
49846
49578
49572
49485
49731
49807
49652
49869
50111
49733
49532
38356
49748
49793
49522
49651
49461
34098
45589
49915
32024
49489
49354
49381
48259
49695
49645
49658
49150
49416
49986
49309
49900
49770
49292
49993
49449
49618
50071
32439
40138
49893
49626
49316
49423
49729
49932
49762
50002
49758
30726
49864
49786
29919
49431
49661
26788
49631
31349
49962
32722
49459
49580
49739
49889
49783
49438
49405
49454
46465
49559
49786
49644
50164
49794
49947
47473
49553
49753
49781
38892
49606
49766
49611
49446
49867
49528
49566
49608
33066
31809
49643
49872
49619
49301
49511
50272
49764
31478
49873
50266
49375
49653
50171
49665
49541
15755
49616
49624
49533
49736
49684
49492
27593
49845
49437
49547
49396
49480
36379
49573
49919
49626
49833
49606
49523
49911
49893
49516
49268
49512
49711
23952
45585
49781
49949
46572
49656
49701
49461
49713
49674
49961
49389
49692
47340
49854
49586
49763
37242
50022
49780
45967
49601
49983
49685
49724
49589
49644
49498
49508
49594
49678
49452
49571
49602
49681
49382
49491
49775
46312
49594
25613
49417
49771
49555
49917
49553
49463
49526
50021
49686
49530
50115
49712
49538
49711
49602
49584
43563
49887
40079
34051
50093
49610
46171
49315
49743
49734
47895
24483
49511
49564
49348
49841
40103
49576
49712
49534
49632
49720
49524
49829
49769
49099
49959
49696
34312
49839
49809
49823
49688
49389
49519
49643
40468
49733
49574
49363
49346
45006
38903
49609
49620
49645
34192
49646
49558
49541
49541
49434
49967
49953
49833
49561
49234
49394
49884
49646
47387
35239
49428
27361
50099
49304
49657
50158
50053
49506
42950
49425
49452
49741
34950
49579
49499
49572
49919
49828
49784
32411
36091
49788
49508
49600
49624
49788
49541
41278
49480
49596
49647
49531
49456
50117
49975
49826
49554
49590
49541
49130
49572
25550
49504
49972
49304
50144
50091
49268
50136
50243
50013
49889
49779
49717
49876
49862
49152
49742
30893
49657
49463
49546
49501
49948
31924
49803
49559
50203
49824
50032
49704
49572
49793
49923
49422
49800
49286
49601
49624
49247
44032
31473
49709
49881
49854
49833
49593
38572
49569
49386
49472
49710
50083
49752
49759
45709
49856
49536
49954
49265
49591
33013
49623
49921
49455
49417
49529
50006
49190
49519
49471
49538
40279
49457
49478
49572
49632
49947
49734
49611
49452
49491
49630
50058
49543
49767
49642
49432
49679
49841
49567
50131
49816
26516
49682
34034
45290
31702
49737
49595
49862
49587
49212
49451
31984
49477
49636
49510
49792
42997
49465
49724
49558
49643
49518
42716
49650
49762
49325
49716
49904
35631
50056
49953
49645
49783
44547
49286
49705
49327
49411
49527
49553
50336
49534
25578
49324
49631
49530
49266
50027
49550
49699
49730
49659
49639
49245
49616
49807
49437
50216
50046
46737
49776
49467
49382
49793
42509
49442
49687
37951
49556
26415
49520
49643
49753
49402
49726
49307
44102
50250
49729
39902
28274
49616
30433
49485
27622
49763
49824
49683
36592
49476
49810
50126
49555
49424
49337
49853
49660
49515
49815
49576
49685
49745
49363
41711
49368
50202
49712
49696
49673
36313
49725
49478
39548
49825
49577
49505
48471
49748
49846
49739
49490
49635
49693
49724
49457
46059
42675
49739
49786
49308
49792
49309
50110
49745
34705
25775
50031
40457
49430
49812
49726
49674
49620
50108
44349
49577
37916
49873
49521
49892
34686
49581
49581
49818
36947
49433
49366
49490
49605
49738
49763
49640
49464
28415
49686
49803
49826
49514
38109
49810
49780
49882
49881
50190
49648
49914
49572
50004
49654
32576
43420
36775
26637
49774
50034
28097
49812
49513
49644
49475
27971
49787
49589
49403
49552
34817
49359
49607
49572
49598
49545
50000
49488
34203
49951
49225
49662
50142
49476
41983
49838
49501
49142
49557
49653
49651
49246
49802
50119
49550
49880
49755
49549
39446
49952
49520
44997
49477
49472
49821
49647
44137
35126
50038
49730
49487
49549
49275
49853
49496
50296
49952
49747
49834
49560
33279
49649
49738
49672
49435
49536
32328
49442
49610
49776
44868
49693
50172
38953
49741
49920
49705
49453
49519
49831
49450
49964
49696
50112
49631
49645
49467
49575
40098
49684
49839
49443
30510
49639
49584
49688
44934
32896
49814
25091
49737
49853
49929
49711
50127
49783
49751
49386
49744
25000
49768
49512
49760
38104
49757
25149
49858
49603
49947
49693
49679
49653
49714
50034
50027
49330
49440
38343
49648
49783
49776
49487
49538
49882
26093
49808
49350
49727
49462
49620
26719
49260
49145
49653
49473
49569
49667
43200
49615
49610
49539
42590
49722
49598
49493
49669
49620
50027
49492
49830
49746
49619
49323
49422
49665
49485
49572
49538
38933
49719
49825
49858
24778
49912
25400
49487
46209
49825
49848
49590
49545
34477
30166
49609
49310
49191
50303
50037
49869
41434
49577
49466
49715
49486
49470
49545
49710
49705
50027
49022
26211
49307
49691
49543
40633
49628
49763
49800
49433
49815
49783
49542
49758
35457
49734
49627
49947
49675
49794
49655
[client log:] end time = 3.04592 s
