174075
174680
174299
126571
174193
173910
174512
173901
136911
133031
174679
174679
174606
174349
146358
174324
174078
143507
174727
174001
174270
138679
174300
174296
168868
174381
162573
174678
108374
99514
142707
174206
106846
174819
174401
174735
174547
174150
174608
174484
101330
174573
174113
93131
174351
174618
174328
150804
174009
174383
174007
174682
174390
140970
174995
174235
173969
161633
173949
174012
174679
174108
174264
174007
131285
140132
174620
173835
174672
59172
124984
174657
174176
174045
175245
113189
164717
173876
174072
174568
174011
121924
106038
174376
91103
99849
116418
174361
174338
131816
174471
174483
174334
127990
174095
174944
174129
174163
173574
144827
174686
174068
174165
131609
174584
174127
144366
174104
98820
142911
173421
174151
174688
92215
159742
174203
175090
133084
174317
174712
174350
174305
157905
174262
114210
173874
173780
175137
174219
173860
105114
174300
174170
174194
174707
174247
174535
113739
154834
174468
174505
174129
127674
174421
113425
173499
174276
174164
174687
174153
116790
173911
174111
102699
89679
173967
101011
174431
174669
174797
174103
174718
174026
131310
173920
174422
173978
96151
174966
131317
123756
174195
116649
174666
174508
121913
174499
173978
174141
174767
106055
174177
174401
174394
175026
90338
115325
174605
89432
174745
174644
175103
174184
173856
162867
126205
147647
174288
173953
89127
174785
143255
165886
167341
174580
174030
114406
174425
173774
175048
174662
93743
174198
88137
110712
92939
174721
173780
174905
174809
98269
174266
174126
116772
106401
77651
174115
174991
174235
174486
174988
174435
174371
174529
152577
174825
174088
169135
173970
87490
159505
173793
174379
113017
174227
174673
125930
174800
174118
173980
174075
174629
174670
165070
169539
174920
174113
174223
174196
174803
174355
174653
174578
114346
174854
174921
173449
92377
163472
101677
173938
88594
156285
172207
174551
174290
132680
132470
173764
174465
114174
164829
174220
174061
144603
169052
164539
169504
174324
174281
111324
174615
120119
174093
89754
174596
168904
132683
174021
173881
90058
173889
174167
140539
174298
159082
173943
174017
174396
173834
173981
173984
174112
105837
174143
173949
174140
174759
174847
174918
174155
174642
174093
174395
174190
174680
173975
116347
111658
173740
147577
174016
174031
168822
174810
155878
174293
174053
101233
174313
174818
155711
104415
137429
174411
113269
144039
173705
173785
174505
174104
112457
174615
173951
174722
103121
174001
174270
175029
174357
162284
174270
174420
110689
151928
141089
173779
146275
174131
174378
174217
173663
92741
174650
90771
120072
174403
174266
174255
173977
174787
174552
135741
174435
174588
91872
174430
90071
174338
174331
167165
173789
173849
173610
174256
137061
91124
137765
174531
163972
174518
173996
173778
174559
91058
173692
174342
109309
174543
173712
114709
141551
96697
174924
174963
174540
132408
174381
159526
174890
117422
119209
100328
173971
173516
88470
160706
89549
174688
173846
174139
174195
174232
174844
108186
151209
174347
105560
93464
123427
174564
174248
174140
142068
174306
110778
174446
166928
174758
139725
174785
174261
86161
136903
174356
174500
174320
174121
147914
174676
174222
174616
174083
121174
174432
174118
174366
144707
105852
119705
123820
173856
173658
174039
174045
174353
174249
174261
174489
174449
173844
141028
174662
174360
173808
174403
174239
174200
113804
173587
142266
174459
174205
174354
127618
99661
174393
173780
173687
140496
129179
174162
174750
174277
174127
147613
174035
155349
173998
173923
174246
173931
174327
174358
174296
174806
150967
174567
173888
147721
174336
174442
129443
173950
174128
130914
174105
121460
151359
168794
70309
60826
174504
174091
174288
173926
174719
174031
175209
174003
175233
174425
174316
94764
72375
134141
173756
128347
174482
174159
174071
174933
174215
173725
131916
174026
98698
173889
174497
174304
174962
153246
173938
174483
174350
173693
174325
174484
153439
173632
175233
174237
174585
173675
174212
174103
116313
141042
168522
174161
128059
94682
175192
174683
174694
173555
174431
174088
154383
174075
106288
148025
174375
174166
173993
174321
147037
95511
174269
174250
155201
166969
174421
174110
173785
174083
116634
173591
88135
174248
174342
174475
174328
168945
175239
167845
115088
173842
174201
174938
174303
174638
174248
174506
174134
174550
174501
174333
150695
121693
174318
124944
174049
174419
154435
174604
101165
173954
174432
175163
174476
173861
174264
148023
173762
153061
174148
174391
174027
174194
174601
174088
173614
173952
174050
174194
174872
174235
173921
174283
174872
140925
81930
173862
133725
174007
144743
118667
174470
174680
173640
174397
174990
174317
122232
174366
134970
174193
175092
152697
120823
173912
174185
174865
174643
75525
140265
174178
130863
173886
174716
58202
174535
113988
174458
173775
174366
173938
174774
109422
148612
112817
173982
167996
173916
174875
174118
173847
174408
174543
174249
132197
143505
174073
174036
174381
174564
174738
133956
174373
59618
103709
155846
142961
133559
100903
147029
140312
92852
158724
174216
175048
173625
125884
168431
174258
174302
174809
174330
174167
174927
174306
173924
84617
119671
173773
174419
174924
174188
174423
135213
109623
174670
174373
174468
163364
132235
175225
141555
97527
170024
174634
174601
119047
175189
174421
174320
145417
173888
174351
154112
175278
172899
174537
174463
174082
174688
173610
169769
112331
174611
90800
174388
174911
126812
159858
173986
174523
174510
173938
173679
174595
108610
174511
174111
173791
131700
110386
109170
174301
174199
174502
174177
174334
174621
162264
174841
175039
174384
174206
174853
135305
98260
174535
174496
175098
102539
101329
174346
140132
162972
174403
173968
174372
174224
174261
173690
174881
174800
174839
120363
89246
173748
174282
173717
148149
152470
173690
98371
173888
173956
174582
174145
174483
174370
174975
174125
88933
174001
174384
130430
174663
174511
105381
61392
174355
173941
145541
174341
174660
167605
173966
174102
174927
174727
152514
174289
174393
173693
118838
174657
174639
173573
173908
174435
107833
133100
142579
174214
96990
174227
174154
174723
159041
174077
173787
174631
173822
174193
174418
174452
174673
174067
173857
118133
174483
174340
174641
174312
138882
174081
174060
102627
174304
161904
169301
171858
93924
174280
174524
174796
174673
173828
60485
117781
174722
175337
173650
174759
174084
119131
129143
174334
173849
174397
175343
161404
174354
144957
174237
168898
145498
174150
174679
99616
173880
150889
174355
174387
96739
99956
102257
87738
174760
173746
174561
174199
174587
149794
174495
174287
174786
174215
174361
173717
174754
169456
173824
174348
144845
97055
174056
174211
126844
174869
173846
174115
174169
137464
174600
174272
175071
145116
174216
174536
90239
155548
174289
166735
174299
99133
173949
154846
174523
174669
63341
174041
95148
134098
117308
148670
171847
174811
174445
174148
174751
100709
174489
109401
111096
[client log:] end time = 6.99772 s
