249155
211531
249198
250618
249108
161055
249305
249218
248786
222890
232319
249036
187050
249524
248859
158713
249754
233975
249113
249547
213518
249235
181747
249554
243314
249060
145944
249362
227166
120299
170844
146240
248504
249251
249794
216309
249454
248180
217546
249255
158033
249235
248627
191590
204466
248994
162383
248540
160686
168402
248632
160789
175981
248643
248665
147929
249218
249298
159903
249105
242367
249493
248996
249166
249977
179079
249774
249448
173445
248667
154259
249333
249293
248454
249258
249288
249284
125009
165084
188069
248447
248943
214187
249602
193774
248984
244351
249145
241271
148013
202433
249216
249221
240730
249178
249610
249958
249481
249581
249227
249012
248619
249345
249123
249717
249062
153291
248709
130722
169678
234004
218208
248945
249294
241832
248716
248920
150536
248895
206229
240948
249152
249435
248749
218650
249391
249193
178401
248691
249247
248712
249919
249427
248850
100825
165843
185403
248561
143660
209740
248746
248865
250287
248815
131107
249070
248836
249064
248664
248694
198003
248887
249654
249155
203786
249009
248969
249160
249759
248290
130096
129261
140399
248253
248535
249670
174425
249210
142150
204206
249008
168749
249509
248904
248841
249847
249452
195713
241836
249590
154683
248897
249558
155722
164298
248677
181520
199371
248926
150790
249442
248590
249658
249272
248913
165157
249382
168326
249538
193724
249018
175545
249214
249266
231720
249245
248656
195692
249807
249211
249068
210396
174055
180993
248866
181838
249072
166675
248257
248745
156322
249699
249137
249655
151968
250141
175707
179305
249432
249781
222591
248826
122339
161614
166609
248797
249006
249147
159593
248985
248808
249462
152519
248546
249625
249347
173059
249097
171748
249395
248762
248050
162195
248645
138629
166352
248921
150644
153396
137029
249828
201695
249148
249830
248665
199689
249135
193773
249111
248956
249348
249279
249522
249313
249617
208906
248789
248492
249188
147084
249254
140897
221488
249570
249268
248693
250001
249326
248963
250304
248739
249372
248549
230842
248898
249206
249555
249332
191416
176574
242471
249095
249830
240473
249437
249304
249088
214462
175380
248862
249772
249240
249394
249004
248996
249830
249513
249556
137364
89378
248401
248929
249722
197815
249878
192931
248772
248289
249234
248201
249381
249103
249816
144410
131971
203740
249259
249318
248494
248645
249103
132536
145799
249681
189426
249263
249133
249135
248986
183385
249441
182773
249318
175392
228530
248611
249101
249559
200391
249265
249776
249067
249785
250007
249215
249496
230795
249009
248180
250160
249481
173197
131534
249550
250149
144150
163090
249501
249578
249042
221178
249532
148905
249856
249225
115348
222535
248828
249239
154405
124891
180412
146129
175580
249070
248411
172947
249162
249002
248543
248724
249374
238394
248619
167324
200209
236227
248594
248993
249442
248111
249933
249406
248735
249227
249113
249210
249175
248843
249980
249110
248498
248307
217150
249030
152340
248853
157875
131676
249156
248815
141869
248816
165467
248983
162761
81821
248762
249173
161987
249492
181579
249825
248418
218166
249080
249022
249454
248901
249472
249101
249488
239981
169576
248983
139798
248949
213142
249070
249156
248683
249275
248812
147988
249143
186791
248586
81176
163886
225032
248992
107600
167183
249493
249294
193351
250148
249635
249466
249259
155668
248843
249880
188079
248806
248290
248674
249109
153971
248975
249553
248976
217136
249653
229365
249025
248723
249441
248986
248948
249825
145434
248974
172163
249630
178142
249051
235078
182721
248811
173538
249502
248973
249477
204901
249153
207457
249158
249620
126295
249853
249252
248444
131682
249810
151932
215036
239773
202605
249721
178128
248958
249029
166420
249407
249124
248415
155765
148693
249088
249232
178105
248218
249086
226589
224028
249177
234741
168801
149688
248617
129844
249137
249316
248288
249122
208087
161489
249056
248728
131239
248928
248899
249416
249517
249007
249833
212628
176977
199488
248997
248448
249150
151366
248937
157724
205042
248958
203878
248462
249594
249532
248847
249729
249074
147918
249207
212678
249281
151581
248959
249955
130295
217964
226391
249557
248518
249019
244318
249209
249210
199661
249556
248693
161906
249542
249482
245671
218031
172850
250125
137713
249139
249125
248970
85931
149917
248521
249243
135332
197772
249289
248962
163788
249240
249910
207477
248432
249434
236060
136057
249087
249140
244127
157399
248856
249466
250105
250198
248233
214902
249774
250231
208551
248752
249193
249301
153397
249161
247938
249637
249232
248592
144660
145541
211354
249975
175969
248765
170080
248997
248880
249135
249389
249260
249445
174252
248677
250176
190104
248968
91595
217415
249434
138548
171895
182622
249476
227534
202920
249379
183645
203296
160002
212558
139502
248454
215697
221017
249073
215430
248871
248232
248978
248664
249248
249367
172991
247985
249468
250361
228305
248811
248859
249652
182294
248173
249078
249261
249050
206469
249332
152143
248990
249479
248440
226608
248975
86570
248705
248621
155684
248768
127030
249266
138163
250147
199769
248647
187889
249176
249452
190330
173141
249148
249049
244765
180137
248853
249544
214795
248971
249018
249068
249603
249614
249350
190105
249426
249686
249065
248900
248683
249532
248907
223375
249005
238008
248630
217888
249039
220514
152461
217788
249207
173708
249407
249873
248827
250305
249397
196262
209753
249112
248750
147377
248733
248895
249254
249179
249262
249211
249138
248738
249335
248559
216415
249414
249328
249668
248501
249076
214767
249644
249308
158906
249047
169222
243585
248918
114804
220947
249821
248565
249029
248508
247588
248915
249363
250359
248640
248596
248908
249043
248405
195765
249133
248719
248883
216871
249075
249293
132906
128160
170134
248848
189132
198595
249266
249246
166727
132382
207193
248935
244109
249245
201953
137493
249414
248298
134365
101471
249561
240611
249340
216354
249034
179569
249217
136349
249010
248812
249146
188017
249485
249406
249103
137542
249015
248383
249089
249633
173499
165059
248800
249055
181539
147390
238421
223193
169474
249450
248815
231993
203564
249063
249401
240758
182905
248914
248816
205520
249058
248911
249273
249259
199681
75733
248798
229898
200985
249267
218826
235714
180834
249522
132929
249261
248739
248943
248934
223006
216832
249573
248686
249296
247433
249298
203934
249048
89867
248696
249019
248312
248844
133668
249544
173439
249802
249742
183445
128167
248686
164605
249092
249499
249185
195110
249305
249415
249277
131043
248779
249327
248581
249515
194613
249612
248750
248992
162957
182625
216247
248874
194706
175322
148654
249343
248519
144014
249166
249632
249391
249059
164526
155492
211283
249813
249077
249301
249158
160523
248910
223561
248848
249324
249449
221228
248293
249090
248855
249598
249577
249851
249175
249638
160002
249577
248708
209202
249007
249470
240512
249294
232465
248912
127313
135499
249514
248748
222476
249100
216985
249195
249514
248509
249066
249642
142914
208569
[client log:] end time = 9.5659 s
