199489
127464
199133
127102
107234
194151
200164
125802
199376
198957
198330
198811
198958
140669
183866
199270
170058
199281
200077
199539
199470
199037
199099
199204
179314
122432
132079
198910
199055
199003
199386
116421
199342
199524
163354
199277
199061
198904
198738
157160
198578
125968
199196
142577
192775
199236
173149
199187
178061
198844
200358
89429
198442
192499
172347
199287
198322
199879
199878
199138
106088
198980
118413
122199
199758
199000
199210
199089
199576
198807
199465
168447
188215
139353
163551
199180
199693
198828
123833
120577
126997
118762
199186
101201
148491
199301
199740
199490
191649
199398
199248
199383
199401
163489
199103
199860
199533
199664
198993
198685
199774
199286
183848
199627
106153
198758
199245
198713
198981
150348
199063
161283
128733
179553
196093
157410
199219
198991
199001
199444
166763
198881
196154
199141
199575
198790
135921
71139
199111
199289
172936
199384
174909
191027
147886
134579
198684
198890
199303
199559
199625
198923
199679
199266
199079
199571
199082
200040
199156
130881
199470
199768
135385
199209
198573
199000
112032
198895
163596
199421
198855
185147
199271
187449
198996
199852
187843
199133
172994
199534
199406
145418
198468
199243
199273
108726
199151
150462
103514
199525
199064
199515
111413
199107
199232
199492
199315
122309
142952
199383
198734
199215
199231
142772
198741
199406
199185
198995
152137
199161
184428
199663
198756
198444
198436
141324
199700
198775
198858
198950
144187
198871
186949
199238
199217
199117
199582
199424
195363
199221
199042
124076
199316
198733
199176
199287
198982
175219
199061
146638
173912
144128
191873
162112
199798
199412
107816
113074
198758
157037
199821
128955
199658
199452
199145
199259
199381
193977
198789
199707
198671
199952
199360
200226
100178
199120
199980
199452
117420
199170
194706
199636
198839
132910
198819
199467
81750
199010
199317
199052
199584
199305
199066
137160
198848
198831
199047
168689
199279
198543
199110
199468
199256
199390
189417
198778
199975
198940
147123
152572
143996
199383
199405
121109
199363
199564
199464
102398
155428
198952
174899
199250
108905
199590
199732
198864
199347
133377
144028
183617
200178
80681
185522
199766
199464
199561
186645
199628
198916
198997
199317
199344
142752
199899
181656
199397
130756
199507
199519
199642
198297
199313
199225
199913
148694
199502
198643
103547
199890
160630
199027
110684
199292
199563
199877
199063
200138
199634
177806
164332
199192
200056
198715
199087
117159
199463
199232
124670
153123
138458
199959
199100
159635
66301
173887
172963
199999
199337
199873
166461
112295
199779
199532
199580
199179
199135
187154
108152
148007
199264
132574
194146
199401
199238
128720
198770
199590
129405
195542
199459
199074
198772
198738
199449
198924
135242
199600
199435
158562
198792
177757
154794
199094
66439
168014
199691
199760
190440
199403
199436
199171
198827
155271
198772
200033
199583
137402
199474
199239
199211
198689
199571
200135
198955
127839
199303
199884
198986
145852
110989
198986
199404
198994
199169
199230
199245
144385
199509
105838
156479
199560
199695
198724
199596
199393
172144
199430
199177
198787
91527
198806
199777
157254
112833
198532
199411
198879
198655
199041
123656
199181
199292
200277
199387
199221
198831
199507
199592
56386
199619
199654
198760
198394
145340
198628
199411
102118
199320
187638
199646
199028
198838
198796
108901
193569
199415
199226
199118
198715
199587
122267
199522
194939
199929
178460
199390
198768
199170
199516
184699
198547
199196
199490
199292
198723
199225
168555
199237
199573
198722
199239
199130
189957
81546
169587
199230
198909
198981
199782
199800
145167
199748
141511
199236
118788
199402
199495
198759
199594
190059
199336
199273
199191
199457
199296
199515
198820
199313
193178
199730
199274
199429
199994
199436
189003
199578
170230
177225
198890
199145
199486
102087
199615
181496
106364
199318
199685
199267
199834
140603
73031
178817
199068
199592
199033
199659
134498
199340
198772
199093
199607
160583
200093
199292
198998
134067
172352
199160
199160
199779
102690
116201
199744
199008
199433
150606
199618
198844
142501
199579
199392
199592
122575
102140
199314
198613
147603
101131
199870
198745
199512
199269
143153
199415
199201
198699
199401
199210
166242
199517
199526
199573
121582
190665
199641
199376
199658
106051
199596
199424
199828
176957
198388
199240
199570
199537
141616
199434
106477
199509
199709
133122
198925
175521
199894
199286
131409
101453
136744
199062
198642
199262
142904
163636
105141
165521
199109
199249
198967
157738
198805
199061
159243
199321
199611
198831
153036
198630
106956
151641
199709
169177
198910
189976
199328
199225
199060
151073
199312
185826
104321
198796
148649
173376
199462
199085
198043
198656
199131
199403
199130
155101
198812
199013
96320
199241
198876
200111
198893
198106
142690
199263
102544
199259
139889
199304
199412
199510
199736
179825
199483
199565
164092
198815
199184
200488
199530
199186
124333
199069
199022
163438
189726
199848
198930
146498
158340
198949
198154
199170
199792
198895
153539
199345
198620
199581
199023
199256
198998
199438
199089
102948
198856
104796
199843
150667
116252
178590
198446
153838
199486
199047
199439
188882
198929
154237
135774
170892
199190
199188
198679
134918
199167
158720
157854
147230
175046
200079
199585
198967
199462
199385
199372
199774
199601
198872
199421
199677
199526
198914
200148
199905
185498
199527
199404
199115
198632
199591
161745
199635
200081
179846
126980
199217
167844
143431
199426
199475
169260
101396
199800
199025
160879
200010
198810
112185
118645
199123
111025
199684
198861
199220
87149
199060
146408
146799
199285
199096
68387
164887
152046
199248
200038
160247
199331
199492
199136
199744
198969
139798
198515
199551
154324
199413
199178
199156
199015
198813
166761
124190
164864
199448
199405
199697
198736
147340
199413
198790
149905
198919
74061
198965
200106
108460
199028
199052
170896
199433
131688
108891
199359
199551
199569
199358
198733
198272
157529
166838
199649
103933
199285
198958
198566
160364
146020
198938
199297
198685
128611
199268
198708
199786
199480
199300
199800
199048
199243
198848
199129
199159
199024
190028
198966
112342
123084
198831
141852
199008
135001
199235
180195
199351
156466
199583
199962
198967
200081
177817
131875
127820
98160
199710
198734
198866
198373
199132
199221
185588
146084
161066
198986
103848
198930
112957
182688
199976
199662
108117
199151
199337
86668
199417
199596
199260
103114
178049
166414
199053
110128
199057
199158
132762
155479
198901
151138
125290
187257
200114
176684
198923
199599
199783
180583
198935
182388
198959
199082
199480
159525
106839
199525
199145
199316
198681
118014
199233
116329
102003
140414
199256
199175
116840
80214
199106
100456
199303
199808
199101
199796
199421
109930
198713
175436
199430
112494
181605
199105
199034
199534
198792
199265
199266
198770
157483
199580
199180
185214
125917
199171
199132
198959
199053
116177
199574
198129
199013
199253
199583
199304
180630
[client log:] end time = 8.59305 s
