98887
99907
99300
99389
99181
99740
67217
99244
99576
99473
99238
99414
99566
99608
99335
99525
99502
99390
100020
99587
99295
99810
99638
99686
99150
99348
99262
99456
100083
99136
99370
99779
99494
99339
88229
99224
99510
99798
100510
99341
99351
99537
99428
99198
99479
97667
99643
99774
99316
99597
72703
100146
99480
99640
99764
99387
99286
99532
98942
99581
99397
99551
99144
97394
99998
99192
55681
100326
99573
99551
99288
99626
99518
94096
99428
99557
79770
99597
99765
99447
82999
99158
99700
77792
62041
99662
99539
99391
98591
99295
99410
99453
99243
99385
99390
99612
99375
99380
99398
99314
99296
99440
99441
99283
99139
99773
99494
99575
99915
99688
99817
99190
99185
99705
99369
99321
99618
99557
99428
99902
99674
99890
99692
99368
80418
99411
66689
99725
51179
99636
69009
99327
99252
99518
99371
99331
99336
99269
63206
66797
100143
99572
99531
99874
55155
74851
99539
99657
98513
99312
99626
99700
54589
99441
100092
99337
99521
99193
99712
99518
99634
99415
73182
99740
99826
99388
99436
99408
99243
55219
99657
100028
99460
54454
99556
99490
99546
93512
99597
99870
99382
91439
99568
99297
99897
99947
99613
87387
99489
99849
99309
99185
99236
84664
99701
94620
99694
99351
61507
99436
53023
99286
67212
99206
99233
72315
71422
99332
99231
98944
99079
99686
99265
92019
99426
99542
80572
99108
69671
99439
99673
68941
81534
99650
65675
99655
99795
100019
99197
99454
99113
99376
99592
99146
99452
99540
100082
99839
99413
99145
99680
99285
99209
99608
99655
97990
99589
98972
99431
72023
99272
57848
99370
99380
100093
99219
99385
99802
98857
50741
54306
89681
99519
99402
99628
99833
99617
99368
99111
99491
79103
100139
99918
99677
99752
94626
58127
99373
99402
99354
99099
73544
99172
99367
72273
99507
96891
99376
94827
99618
99227
99444
99700
98961
81683
49996
99263
99645
99985
99926
53295
99302
99454
77806
99222
99239
99338
99227
60762
86635
60982
99665
98757
99414
77539
99400
99659
72343
99524
99444
78582
99462
99499
99441
99911
80079
99528
99782
99710
99236
67177
99968
99125
89427
98747
100324
100042
99641
99869
99301
99034
100072
99854
98943
99587
99163
99605
99731
99157
99717
80354
99680
99535
99508
59619
99190
54069
99414
99589
99258
98992
99264
99697
99427
97165
99837
99205
52977
99595
99141
50930
99463
99458
99610
99548
99114
99690
99656
99472
99382
95555
97993
99040
99780
99810
99293
99704
99639
99202
92604
69458
99419
99486
41583
98910
96888
99551
99510
99483
99845
92298
99495
79569
99147
86661
99315
99543
99666
99233
99768
99700
99029
99445
99293
65859
45576
99324
99688
80158
99766
99520
99534
99992
99525
57468
99239
99459
99354
99543
99545
99157
99292
77555
99117
99549
99282
98964
99296
91271
81400
79646
99453
99806
99510
91445
100053
99620
98923
99444
99550
99868
100275
99230
99391
99470
74407
99585
99133
99603
99204
99779
100431
99783
99054
99356
75327
94920
99810
99369
99603
99281
99541
99293
99435
99911
100029
99375
99989
54953
99113
99280
93745
99319
99650
99269
99247
99563
100030
99244
99193
63410
99501
40144
99788
99733
99506
99188
72607
99777
99627
99875
61046
100182
99464
96972
99650
99300
100095
72170
99430
72741
83594
99346
99240
99555
99196
99232
99223
76342
95188
99652
99555
99550
99373
99183
99655
51527
99763
99152
100294
58157
98936
100013
99351
63287
99695
99490
99602
99254
88633
99680
99629
99500
99229
99294
99221
99443
99405
99824
99213
77735
99756
55857
99363
99207
99197
100017
99006
99886
99134
99677
99573
99473
99471
99173
99727
99683
99673
82428
99515
55209
87643
99407
99373
99710
52410
100132
79261
99665
99209
86449
99106
99459
99096
62795
99967
99679
99337
59586
51894
99589
99440
99186
99622
88109
99423
99283
99335
86138
80580
99619
92025
99698
99572
99387
99543
99176
99674
99445
55597
99256
99702
99324
99476
100110
99717
99265
79453
99651
81225
99685
99268
99756
99516
99456
99615
99151
99305
100356
99736
52609
99770
99736
99628
99491
99403
72378
99893
100352
99850
99746
99207
99334
99136
99403
99732
99459
99431
99257
99104
94504
99058
99277
99998
99373
99836
55092
99550
89172
64615
87357
96853
98936
99576
99470
58496
99782
99667
99455
99415
98962
99872
99058
71871
53195
99413
84266
99514
99618
99089
85273
99180
86529
99444
99465
99474
99448
99362
99396
78879
74944
99594
99378
78013
99799
99489
89727
99473
99684
66957
53976
99711
100269
99362
99484
99154
99755
99615
99765
100039
68110
99453
99474
99746
99689
99649
99744
99841
99469
99853
98949
99050
99653
99677
99500
99688
99221
99467
75016
100046
99264
99045
99608
99565
99690
99775
99568
98946
99346
72318
99453
62633
54291
99500
94243
99979
95172
60875
76852
80205
99422
99586
62262
100249
99803
99957
99265
99330
99960
99303
74522
49643
100004
99403
100067
99431
99643
60897
99272
99708
57345
99816
99556
99349
74028
99524
99763
99299
89163
99970
99689
99078
83470
100344
99365
99292
99460
67745
99399
99523
47795
59125
99346
99471
99670
99694
99519
77338
99820
99613
99285
99615
99604
99611
99622
99674
87973
99565
99697
57441
99635
99477
99174
99523
99889
99023
99507
99655
99184
99273
58325
99624
99200
99139
99044
99329
99519
99246
99504
99139
99792
99081
99390
99538
99860
100011
65582
99352
99135
99543
79179
97927
99683
99410
99846
99423
99559
99411
57412
46725
99598
67158
99091
99287
99165
99974
99732
100104
81851
81874
76528
99941
84792
72176
99228
99576
65874
99589
99992
99334
61146
99799
99955
99738
100015
51313
81484
99955
99874
99793
100333
98979
73750
99896
99988
56788
99419
99562
93218
99844
99895
99607
99992
94587
59868
99363
99540
99702
99526
99464
93503
99330
53938
99319
61054
99937
99154
68763
99769
54506
99995
99549
47897
99626
76473
74336
99255
99343
99508
98976
99455
99741
59853
99841
61623
99935
99319
99402
99884
99865
100391
99004
99314
95658
89680
99287
99170
99612
97969
99649
92105
39540
80933
99375
58827
94953
99093
99625
99158
99841
98902
99684
99372
99276
99633
99200
99083
99953
99467
79128
99819
99455
99115
99632
96567
84004
99344
60830
99919
63703
99388
99495
97182
98980
82764
99800
57998
99513
99442
99650
99795
99803
99111
99237
80372
99337
88116
99516
99605
99368
100043
99643
99315
99887
99497
83166
99625
99344
99571
99012
[client log:] end time = 5.81144 s
