29953
29747
29692
23312
29538
27632
29907
29727
29545
29611
29762
29755
27948
29779
29764
30030
29690
29887
29690
29784
29699
30098
29443
29843
29806
29650
29785
21927
29870
17565
27860
29877
29900
29859
29754
29659
29532
30071
30005
29852
30124
20150
30346
29686
29894
29793
29669
29446
29940
29822
29885
29661
18989
30034
29826
29919
30031
29484
29648
29868
29845
30017
29737
29449
29752
29807
16283
21797
16046
29826
23237
28743
29786
29439
29750
19136
29521
29769
29812
29965
29861
29764
29831
29702
30000
29714
29609
29809
30084
29883
29538
29531
29824
29990
29782
29612
22251
30104
29752
25926
[client log:] end time = 2.87128 s
