74373
74113
74598
74810
74786
74445
74685
74606
74701
74537
74534
74611
37372
70948
75021
37480
74409
74677
74577
74516
65730
74294
74694
68517
74505
74440
68042
74694
74651
74587
74878
74295
75071
53267
74612
67319
70173
74864
74554
74374
74644
74500
74864
74675
74652
74572
74409
74485
74625
74989
74520
74264
74403
74672
74505
37980
74776
74078
74194
74317
74865
60572
74699
64639
74710
46935
58610
64269
37888
74520
74353
38219
74810
74423
74044
47386
59996
47532
68777
51040
74703
74392
39076
74777
74713
74522
75029
75034
74584
74590
74417
74363
68875
75222
75070
74695
74705
74695
74772
74554
74457
74350
74913
74398
74904
74948
60449
44912
74874
74846
74481
74079
74414
53033
74310
74192
74597
74472
74267
41748
74696
74675
74273
41739
74427
74542
74894
74698
74557
74507
74747
74595
74628
74363
74550
74352
74084
74469
60320
69028
74639
74658
74565
74595
42470
74357
74953
44118
74825
74678
74229
74693
74619
74611
74851
74549
73980
74445
74945
74680
74729
74592
74493
74810
74591
74283
69284
50855
74877
74279
74236
74543
74339
38984
74382
74407
56211
74707
74446
74541
74228
74698
74307
57435
74618
74433
74441
69872
74458
74885
74803
73968
74667
74843
75162
38808
74227
74544
74933
73523
74422
74444
53582
74330
74345
74344
74626
74186
74089
74844
74498
74528
74255
74503
74431
74365
74527
74565
74422
74579
74459
74655
74697
74378
74312
74453
74586
52949
74894
67704
74467
58034
74289
71456
74927
74596
74694
75217
75048
72616
74488
74680
74395
74179
40679
74371
74759
74834
74341
74662
74541
74882
74421
74405
74497
74272
74261
74437
74771
74470
69741
74851
74404
39678
74583
74528
74925
74494
46249
74687
74492
74297
40198
74257
74557
74649
74783
74841
74522
74600
74555
55892
74971
51888
74746
66554
45897
65246
74721
74770
74452
74495
74655
74648
74367
75031
74873
74710
74053
55851
45823
38159
74571
74266
45133
74663
45283
74782
62167
74522
74686
74667
51075
74141
51988
74723
74853
74460
74428
74132
41016
74137
40825
74765
74237
43102
74263
74985
66496
74382
74580
74343
74636
74115
74996
74233
74762
74485
74161
74466
33383
74471
74649
45914
74572
74492
38024
74446
74869
72256
74076
74657
74602
74832
74677
74661
74159
74313
74773
26845
74661
74612
75010
74850
72506
74396
74318
74249
74253
74866
74710
74694
49227
74914
54100
74792
74556
74634
74174
74366
74374
74561
74795
43778
74284
74454
54697
74310
41246
74738
74435
74851
74949
74439
74682
74731
75276
74677
74758
74691
53858
74433
74508
74554
74730
74327
74443
74982
74524
74584
74257
74317
38014
74965
74953
74679
74605
39044
74664
74481
74823
74756
74617
74511
74503
74805
57158
47686
74588
73247
74688
74384
74422
74544
55429
74942
74395
50738
65288
74896
55738
74637
74158
74622
43330
61406
74386
74549
74983
55261
74366
74843
74668
74842
74336
74563
74280
74604
50471
45148
74516
74921
74101
74669
74528
74818
74428
75021
74523
74181
74436
74170
74550
66247
74400
74662
74657
45073
74276
74861
59682
56505
74771
75074
74374
74935
74757
75209
75055
67486
75133
74705
46689
74515
43527
74489
74196
71664
56524
74716
74474
74455
74714
75189
74500
44801
74543
74461
74464
74713
74459
40641
74593
74235
74523
74797
75114
74518
75091
74763
74568
41809
74385
40208
74659
74853
74874
74213
74335
74806
74278
74732
74460
74655
47657
75183
39509
74621
74648
70377
74501
74605
56040
74325
44890
74508
74598
74797
73514
74884
74494
74495
74459
74772
74622
74699
74493
74560
38546
74680
74409
33524
74787
74415
74340
74718
74503
38318
74534
74711
74671
74345
74196
74426
74516
74715
74206
74415
74292
74566
74996
74423
75034
74271
74676
74334
74797
74183
74492
74890
74463
74846
62040
74539
74634
74667
74426
74558
74406
74309
70759
74321
74569
74648
62514
74410
74358
74471
68886
61044
75035
55657
74663
74351
74248
74544
73501
74959
74727
75087
74274
74718
74639
74649
74624
74473
74334
62845
74746
74530
74564
74398
74470
57508
74927
73941
74599
54769
73977
48193
44373
74318
44894
74618
74628
74827
74211
55785
74578
74561
74574
74158
74488
74772
74191
74642
74465
74549
74760
74451
74278
75201
74754
65508
74495
60203
74854
74820
66212
70030
74234
74545
74612
56482
74537
74583
66599
75103
54388
38281
74320
67687
74567
74803
74687
74652
45026
40686
74187
49662
74823
75228
74754
74937
74472
56572
74397
74834
75051
51105
74881
74795
74523
74592
74730
74726
74635
74218
74982
74617
49271
74482
74899
75037
74592
74404
75101
55364
74816
74560
75032
74325
74136
75201
74593
41237
66589
74453
48110
74618
74600
74585
74236
74686
74575
74691
74566
75141
74647
74619
74701
74262
74630
74138
49598
74445
74538
74949
75109
74873
74603
74567
74473
41611
74607
74622
59528
74278
74520
68224
74568
74586
74482
74553
74246
74750
74426
40004
74771
68230
74515
74495
67893
74683
41164
74575
74614
47020
74277
74666
74795
74466
74284
74393
74580
74531
74508
74193
74469
45895
74430
74100
74465
74643
66286
74819
75107
74510
74477
74471
74507
70463
74748
74716
74668
74526
74577
58437
67666
74678
74727
74640
74660
75022
74562
74402
74798
74603
74342
74716
74915
74744
74434
74964
74290
69447
74747
74917
42733
74801
74855
74290
75261
74282
74410
74325
74373
74568
74571
74596
74404
74518
74520
74678
74569
74237
49679
42496
74687
74932
74885
74692
74323
74386
74622
74501
74430
74622
41421
74904
74642
74906
74158
75161
59067
74975
74551
60075
74611
29745
74763
74318
74684
74316
74335
74642
74274
74798
74598
73072
50027
74418
40042
74130
43263
74627
74601
43135
62838
74672
40730
74766
74809
74954
74493
74212
74116
75181
74526
74506
74607
74490
74426
74499
74605
74352
65320
74749
74311
74630
74669
74682
74450
74376
37822
74205
73083
56585
74590
74723
74299
59252
74378
74652
74233
74585
69429
74582
74529
74548
68586
74860
74140
74570
62610
74591
74616
74766
75037
74283
62860
67687
74922
74690
43311
45627
61572
74550
74569
42476
74414
74729
62186
74905
74395
74430
74598
53421
74459
74411
74595
74702
75017
73186
74679
74468
74262
74925
74804
74631
74705
74821
74654
46932
74660
74438
74645
68776
74297
62087
64991
62716
59490
59231
74635
74533
75228
74985
75062
74716
47810
74620
74757
74396
55151
74252
74356
74813
74457
74770
[client log:] end time = 3.32069 s
