87440
149534
93188
149407
149596
93547
149361
149432
148937
148970
150000
132238
149666
149717
149441
149342
149420
149542
149761
149171
144680
95435
149012
149442
149468
62907
148648
148870
148954
149273
49782
149266
75960
149384
149737
149338
149204
149188
136180
87795
150004
149336
149181
149742
149593
116730
149394
149029
149248
149120
149524
100435
149221
149375
148922
149138
150013
149125
149198
149409
149442
149395
149262
149483
149057
87064
149153
139766
149478
149196
148704
149626
149553
149203
149467
149094
148912
129705
149193
149667
107398
149313
149286
149974
149252
89416
149749
149560
95821
149618
64251
149721
83534
133004
110508
149230
149234
149238
78250
149722
149383
150037
149154
105939
149503
149910
78076
149210
134588
111745
149401
148962
83548
150168
150085
149757
105468
149187
148988
149431
148825
74961
149147
94077
121889
148951
149337
149405
145354
149708
149305
149517
80345
149783
149459
149304
149275
148827
149484
149967
136097
149159
120736
149627
149708
149394
148908
149751
149201
149480
103007
114687
149129
150030
149228
149171
149114
149478
149233
149163
149987
149699
149474
149289
148873
149609
133859
149397
149233
121078
149536
105172
149853
128894
149269
148947
149281
149802
149351
148856
149605
149424
149168
149577
148974
149384
149381
149128
149573
149212
149169
83771
149476
148970
136938
149026
149379
149123
149114
149588
149046
148703
149281
134839
150067
96411
145036
140415
149241
149486
149691
149330
83292
149739
149135
149127
130121
149197
149259
97136
127025
149345
96225
149300
146267
149122
149166
149712
112055
138164
149040
78186
104058
112635
148998
149718
150023
148943
149519
89371
149122
149063
149640
149027
149416
132757
59715
104353
82392
149527
149431
142146
143335
149271
146714
149908
149404
149396
149264
82964
139310
103286
149227
87521
149706
149087
149385
149648
149609
149234
149384
149541
109582
149692
43312
134066
149283
149250
142749
76136
149021
90413
149785
128640
149456
149363
87603
149578
149407
149215
149788
149227
150121
148888
137346
149180
126734
121555
149329
150158
149013
149465
149906
149137
101279
149572
139217
149288
149250
149077
102777
59810
129725
149335
126219
149890
81520
149305
145943
150061
149703
98327
149575
149452
130151
108638
148958
116672
149244
132094
149451
149272
149389
78761
149284
149979
149533
149034
149004
86923
149632
81748
93767
149781
81008
148773
83013
149181
132877
148907
79639
149267
149121
149284
149183
150102
148569
149172
100961
149567
149630
91500
137967
149693
95691
149100
149187
148850
149991
148941
149140
149839
149102
101692
150017
140006
149596
149310
149091
149285
149835
148934
130765
149583
106243
75510
148851
149869
117881
149515
149726
149819
149337
115813
149994
149124
149014
76316
149426
149397
149093
149208
149376
149122
150019
149394
149078
149192
135587
149673
80113
108004
94477
149085
149662
118458
149761
149353
149324
56405
149279
149148
131622
116494
149171
149673
148983
81242
149660
149962
149373
121572
80765
149111
150156
141190
149489
127868
149642
103748
99856
149253
98736
149615
148846
149097
149608
149353
149573
149770
149171
149506
149296
149458
117126
76089
149706
149220
149420
149042
149094
149139
149611
149663
149549
150222
148811
149115
149624
149438
90337
149172
110493
150056
149772
149335
149123
149574
103360
128007
149411
78733
149327
108715
149149
149142
149872
149457
89346
149034
148819
149613
149365
149401
149856
146205
150098
146051
150028
93553
112446
96841
149218
149162
149346
148993
149125
149142
149688
149038
77716
117174
149476
149343
148799
92905
149602
149743
142450
149241
99744
149699
150122
149445
149785
149161
149522
137802
99703
149549
80558
103454
114275
149667
99753
149144
149497
149174
149332
149240
149204
99662
149295
149367
147404
118145
94970
133176
124010
149280
96048
149869
149430
149126
149463
148914
149314
77716
115227
149068
149665
149376
105632
131222
134348
148575
99732
149154
149429
149062
123123
149248
148990
149376
149538
149863
149144
80668
149336
149578
95138
149491
149720
135627
149108
149542
81946
148903
149294
85285
125555
149563
149404
149434
149340
149214
149168
90538
149256
149287
149803
90600
149251
149265
149365
128116
98948
149734
149452
149086
140878
149537
149715
149239
149389
148778
149795
102436
147365
149865
149028
149607
148918
150061
149575
132590
144779
99539
149284
149148
131588
149599
149247
150052
121620
70279
148787
149983
107827
149794
127430
149301
149343
148950
148689
141788
149324
149202
149615
148750
150084
149700
149376
149192
149192
149070
92184
148947
149447
149648
148874
107986
149474
149696
148723
149639
118307
87976
149431
149394
149768
148848
77613
149420
105499
92305
149196
149324
145400
149219
149696
110339
119126
149268
149529
139253
150127
149608
148796
145562
112376
149576
149270
140588
149074
148970
149189
107635
89277
149233
149356
149462
149291
136370
149510
149386
110914
148783
149380
149507
149019
143397
149895
149355
150009
149157
134733
149212
149602
148903
149011
149856
94803
137726
149040
121863
149764
149164
127338
129483
149230
149488
149431
149391
149247
95799
149777
149514
83923
149541
134556
123827
97834
149689
149374
149202
149355
149212
149312
149901
133057
149498
149068
118394
79932
75627
149410
85171
149171
148869
128466
149609
148748
85188
149094
105499
80721
95390
149113
149237
149205
149290
149699
148999
52793
148671
118362
99796
149384
149092
112330
149665
149322
84523
106460
126018
136954
85393
128743
149130
92638
148924
149298
149193
149819
149720
149827
149390
102734
149278
102887
149471
149213
149303
149195
148818
149167
143387
136010
149578
149300
102876
149680
101564
142107
149191
149438
108061
149204
149670
149430
127972
149309
149553
148842
149192
149392
139175
148933
134136
149374
81251
149366
149265
81841
149129
149055
90634
149104
149699
89644
149387
148842
149160
141062
66822
114377
148987
148953
146049
149511
149644
120975
150244
113468
149129
133724
103019
149284
149518
149255
149370
149459
149184
88492
82124
142537
149462
80628
148946
148535
149460
148839
149180
133695
88174
149470
149194
149384
125400
127374
149178
149412
149640
148849
149664
108375
101143
148992
102729
149339
149610
131357
137234
142360
149218
149783
82911
149284
92221
128865
136806
148800
149114
149317
126948
149220
148774
149476
149425
112420
149245
148832
86843
149065
103077
148713
149808
143052
150156
129433
121830
149977
120201
150175
149792
149484
149337
149869
149410
127828
149264
149183
90790
149522
150047
150000
149006
149878
149322
93285
149096
128840
74996
149248
101807
149169
149127
149053
149029
80514
149395
148749
149830
149405
149501
149576
149135
149678
149710
149265
103244
149142
149724
149842
149394
150448
149732
149970
148647
108275
82230
148959
149266
149087
149869
149435
149899
148989
149807
149398
149109
84907
115936
84338
111096
92536
96674
149404
149677
140801
89374
149591
149240
149510
149503
149571
149443
149568
149561
[client log:] end time = 7.49947 s
