124108
124888
94964
124584
102902
124539
84178
125257
124304
124105
100843
124024
104255
124724
124776
124520
124186
124228
100007
123943
78649
124689
124350
121946
124216
124458
124223
67098
105148
65525
124248
104822
124317
124037
124749
94129
65694
124325
124474
124374
80694
124106
124509
124497
123891
124597
108474
124433
124086
124261
123988
124931
124008
124805
124586
124929
102333
124609
124677
124805
124105
83282
124299
124035
124375
124856
66288
125362
123854
124090
124534
125243
124102
124385
124047
124233
124404
124679
125189
112906
124535
125168
78733
124074
124183
123926
112004
124327
123885
123953
81189
124461
124256
88228
68908
125060
89508
121428
124352
124345
63755
124103
124092
124099
125304
124459
124113
124578
124179
124844
124358
117511
124077
123989
74931
103518
124003
124239
91255
124681
124713
123798
72966
124135
121835
123915
124203
99559
123955
124372
87959
104549
124050
97791
124788
124139
91850
124415
124367
124674
79727
105424
124447
54314
77326
60292
124413
124245
124106
119488
114535
124013
124858
124384
124388
73738
124259
123816
124042
69908
119834
102756
124148
124214
124682
117180
124416
98171
124355
124580
124380
124369
83110
124459
71613
124369
93295
125078
124137
125133
124443
95941
124570
124980
76859
124052
104237
124298
124155
124072
124310
75077
124345
124211
124735
124655
124112
78432
124670
98690
124318
82823
124253
124987
110514
82281
124322
124278
123993
124256
124770
72169
124640
124631
124250
124316
124477
124389
124309
123890
124292
69964
124654
125025
125246
124601
124297
124296
124012
124934
124205
68225
110461
124191
77858
124158
123474
124076
124561
124607
123973
124365
85686
81645
124992
124249
124768
124288
124834
69139
115405
125211
124474
110749
71028
124056
124243
124532
124341
124672
124845
124037
124062
77222
125113
64961
83311
124237
125185
124652
124417
124383
124402
124988
124418
71289
62563
124092
124182
124181
123133
95645
124470
125141
124056
94405
124336
124202
124426
92768
124770
103387
124771
66820
93481
124416
124630
124532
124405
123998
124112
124639
124124
124406
124803
124530
124092
124219
110097
124171
123876
124322
124559
124665
124525
81718
124774
124543
124608
124352
109157
117384
124459
67854
104312
124208
124298
124685
124567
124860
105536
123980
125091
124362
124228
123609
95300
124335
124521
67533
124197
123841
67364
124508
124351
100700
124737
86989
124124
124389
123944
124554
124236
108285
105239
123967
98255
124520
124098
111487
124000
124297
123949
125100
123832
124102
124865
124337
124212
124808
92673
124474
102552
124576
125083
124156
88080
124763
124365
124837
123969
95183
124753
123299
67364
124586
102016
78249
94406
124333
124138
125392
84461
83462
124417
124649
124205
124315
124490
86943
54367
77858
83167
124053
124608
123846
111172
124628
124670
70754
120326
124110
124769
63191
73332
124688
124288
124391
124832
124398
124379
124498
124624
124335
124247
124693
85207
124255
124659
82096
124357
90163
124422
89583
64381
124549
124805
124654
124640
124732
100834
124397
124269
124276
124333
95278
124119
86857
124851
124706
124921
124630
124348
124571
124133
124182
124704
124637
124540
124097
91569
124587
124885
124130
124961
124625
102538
107812
120685
125004
124824
124602
124674
85350
64493
124815
124368
124056
124800
124108
124922
123997
92883
35137
115832
124606
124483
124710
118279
72612
70109
124273
74632
124460
123873
83949
124246
124646
117117
124663
124016
124762
124732
124489
124052
117041
124479
123708
66377
67153
124335
69210
124840
124427
109380
125439
110602
124649
73296
114556
124014
82320
124227
108724
124645
92290
124160
124236
123966
124318
89702
118859
79706
124850
124596
124430
124611
89874
119987
124352
88022
124182
125028
122197
124091
115775
124317
123024
124023
124410
124467
124746
124320
124607
124161
63154
124456
124018
82690
124135
91852
124811
124759
124665
124692
125252
124427
124461
124190
67194
102847
124769
124685
124073
124491
125210
122105
124422
124810
112495
124819
124646
65203
124896
103681
104504
68268
124362
124596
124237
125256
124067
89727
110119
124454
124634
123765
124248
124252
124692
125018
124520
124177
123821
124302
124309
123931
124910
77662
124266
124781
125002
102300
80664
79651
125085
124501
124374
124409
124514
124070
124340
124217
96234
124283
124178
124356
124306
124475
124461
102837
123990
124756
124222
124047
105993
124584
125093
124082
74969
124355
124477
124336
124359
124488
124332
67506
70825
124770
124593
125480
124252
124134
124077
124202
124117
124951
123744
124808
69152
83378
124559
124158
91965
124429
124697
124556
124310
124874
106004
124670
124386
124094
125390
124222
124195
124551
124641
124662
124632
106541
112326
124594
124953
76076
102029
76471
124582
123724
124181
120783
71412
89057
124198
124911
124352
123226
124714
87509
124667
124291
124323
109211
83493
124620
96665
124200
88997
124120
124516
124803
124789
124873
124423
124205
124048
123922
124616
114116
97988
124367
73135
124643
124424
63767
113979
124447
124521
110050
124622
76044
100678
124144
124135
124302
55328
124630
103478
124248
123913
123911
123822
87200
89469
124551
115848
123992
76444
124126
124618
101167
124374
115482
124564
125302
124483
124345
64079
124511
124201
124772
124221
124812
123996
106480
124768
102067
124445
124193
124342
124867
124719
124662
124248
122312
124293
125324
123938
94245
112761
124479
124498
122428
117565
124352
124215
124567
123900
124165
124658
111226
89296
66790
123722
103022
124965
64878
124382
123723
124796
124417
124342
124802
124265
80094
123843
124079
124859
124909
124233
124252
124243
124267
124556
106872
95327
101836
124625
124437
125028
125117
124359
48488
124530
124321
124389
124620
96105
124560
117208
123983
124238
70050
123860
123794
124376
69510
124805
77145
111198
124574
124450
106012
124883
68763
124362
124046
124285
124386
124285
69097
124451
124666
124562
124888
124918
124067
124787
124356
125024
124436
123990
92898
124040
124330
63395
110836
124452
104814
124058
124328
125267
64523
72904
124322
124810
124172
124397
123854
124002
100394
124382
124369
124699
124630
124924
124003
123978
124109
124977
89777
124369
124068
96862
124141
124496
124304
87373
124224
111912
124468
110863
123944
98951
124311
124507
124230
124870
124740
104955
124321
74937
124161
76600
69299
89737
124768
74250
124267
123965
124004
82100
124700
124162
75085
124449
124239
94420
124651
93882
108874
124105
124512
125144
100329
124188
124279
124252
124109
92695
124030
124169
124554
124511
124742
124369
124305
124652
124238
87549
124646
81345
124266
124321
124778
95217
64418
124419
124182
123883
124384
124270
124323
124318
124108
124685
100909
124431
124495
65010
92068
124479
100359
124445
124376
124374
124886
124805
124653
125139
105434
124527
124470
78397
65167
124777
124256
96528
124858
124332
105632
124102
95782
115042
77356
75302
124905
124580
83124
124659
[client log:] end time = 6.64961 s
